               nEv    nRun  nLumi  nVtx  nTrk  N     trkPt  trkPtError  highPurity  trkNHit  __array_index
392973    50550955  362321    107     1     4  1  1.429164    0.127923       False        9              0
392974    50550955  362321    107     1     4  1  0.401783    0.032018       False        4              1
392975    50550955  362321    107     1     4  1  0.420635    0.010077        True       24              2
392976    50550955  362321    107     1     4  1  0.134935    0.004817       False       14              3
634948    54145367  362321    114     1     2  2  0.329443    0.009641        True       20              0
634949    54145367  362321    114     1     2  2  0.367473    0.010069        True       23              1
1202239    5187602  362321     15     1     2  2  1.742207    0.010074        True       16              0
1202240    5187602  362321     15     1     2  2  0.662270    0.006964        True       15              1
1675608   66621504  362321    140     1     2  0  0.585041    0.045078       False        6              0
1675609   66621504  362321    140     1     2  0  0.784752    0.011344       False       12              1
1764740   68203798  362321    143     1     3  1  0.427684    0.012356       False       10              0
1764741   68203798  362321    143     1     3  1  0.129114    0.025807       False        4              1
1764742   68203798  362321    143     1     3  1  0.380463    0.010779        True       21              2
1965444   70920565  362321    148     1     2  1  1.077538    0.014035       False        9              0
1965445   70920565  362321    148     1     2  1  0.356421    0.008181        True       21              1
2433472   76522101  362321    160     1     3  0  0.789366    0.050604       False        3              0
2433473   76522101  362321    160     1     3  0  0.240987    0.004702       False       13              1
2433474   76522101  362321    160     1     3  0  0.375588    0.070008       False        4              2
2538010   76347473  362321    159     1     2  0  0.343047    0.029853       False        4              0
2538011   76347473  362321    159     1     2  0  0.484982    0.011718       False        6              1
2584799   77404247  362321    161     1     2  0  0.572665    0.004506       False       13              0
2584800   77404247  362321    161     1     2  0  0.514030    0.005929       False       12              1
2745663   79323292  362321    165     1     3  1  1.855573    0.039930        True       24              0
2745664   79323292  362321    165     1     3  1  0.759475    0.015480       False        9              1
2745665   79323292  362321    165     1     3  1  0.279320    0.008813       False        4              2
2975384   81530627  362321    170     1     2  2  0.502503    0.012736        True       21              0
2975385   81530627  362321    170     1     2  2  0.260210    0.006519        True       21              1
3023630   81945119  362321    171     1     5  1  0.947890    0.017716       False       12              0
3023631   81945119  362321    171     1     5  1  0.704359    0.016440        True        4              1
3023632   81945119  362321    171     1     5  1  0.346751    0.007497        True       19              2
3023633   81945119  362321    171     1     5  1  0.296653    0.032210       False        4              3
3023634   81945119  362321    171     1     5  1  0.310046    0.008142       False        9              4
3136570   84352544  362321    175     1     3  0  0.571795    0.005303       False       18              0
3136571   84352544  362321    175     1     3  0  0.392597    0.005028       False        9              1
3136572   84352544  362321    175     1     3  0  0.209180    0.005739        True       16              2
3459897   89679110  362321    186     1     2  1  0.976003    0.011598       False       14              0
3459898   89679110  362321    186     1     2  1  0.211960    0.006574        True       15              1
3726393   94621499  362321    196     1     2  1  0.440308    0.012537       False        4              0
3726394   94621499  362321    196     1     2  1  0.246667    0.005465        True       19              1
3737913   94268040  362321    196     1     2  2  0.763036    0.010211        True       17              0
3737914   94268040  362321    196     1     2  2  0.218956    0.005729        True       13              1
4654681  111726628  362321    231     1     2  0  0.413539    0.006587       False        5              0
4654682  111726628  362321    231     1     2  0  0.220819    0.008339       False        5              1
5057412  116588899  362321    244     1     2  0  0.451061    0.008255       False       11              0
5057413  116588899  362321    244     1     2  0  0.489989    0.016413       False       13              1
5115007  116770290  362321    245     1     2  0  0.356179    0.030673       False        6              0
5115008  116770290  362321    245     1     2  0  0.244266    0.008323       False        7              1
5301506  118795037  362321    251     1     3  1  0.576404    0.011154        True        9              0
5301507  118795037  362321    251     1     3  1  0.471301    0.007507       False        5              1
5301508  118795037  362321    251     1     3  1  0.319078    0.020669       False        5              2
5318829  120564707  362321    254     1     2  0  0.271372    0.040366       False        4              0
5318830  120564707  362321    254     1     2  0  0.219096    0.006667       False        4              1
5495862  123421606  362321    260     1     3  1  0.430101    0.020659       False        4              0
5495863  123421606  362321    260     1     3  1  0.634784    0.007428       False       19              1
5495864  123421606  362321    260     1     3  1  0.578386    0.003757        True       15              2
5541083  125163828  362321    264     1     3  1  0.695981    0.013168       False        6              0
5541084  125163828  362321    264     1     3  1  0.802941    0.043868       False        3              1
5541085  125163828  362321    264     1     3  1  0.330499    0.006444        True       16              2
5657774  128043474  362321    270     1     2  0  0.413492    0.017656       False        3              0
5657775  128043474  362321    270     1     2  0  0.316590    0.053323       False        3              1
5707101  127928134  362321    269     1     3  1  0.788720    0.010449        True       20              0
5707102  127928134  362321    269     1     3  1  0.550463    0.005772       False        9              1
5707103  127928134  362321    269     1     3  1  0.389628    0.050724       False        3              2
5716177  127616455  362321    269     1     2  1  0.570615    0.006699       False        7              0
5716178  127616455  362321    269     1     2  1  0.468019    0.005037        True       11              1
5716184  127842611  362321    269     1     2  1  0.597367    0.005135       False       23              0
5716185  127842611  362321    269     1     2  1  0.387407    0.009791        True       22              1
5753699  128851232  362321    271     1     3  2  1.591230    0.020751        True       17              0
5753700  128851232  362321    271     1     3  2  0.239148    0.006240        True       23              1
5753701  128851232  362321    271     1     3  2  0.324322    0.008822       False       24              2
5800210  130805323  362321    275     1     2  0  0.461743    0.007605       False        5              0
5800211  130805323  362321    275     1     2  0  0.417910    0.006544       False        7              1
6247162  141178450  362321    296     1     3  2  0.326197    0.018769       False        4              0
6247163  141178450  362321    296     1     3  2  0.332470    0.009731        True       26              1
6247164  141178450  362321    296     1     3  2  0.214823    0.006560        True       18              2
6444998  142625067  362321    299     1     4  0  0.505079    0.100477       False        4              0
6444999  142625067  362321    299     1     4  0  0.595587    0.006683       False       18              1
6445000  142625067  362321    299     1     4  0  0.688306    0.026639       False        3              2
6445001  142625067  362321    299     1     4  0  0.414872    0.010437        True       15              3
6576828  145544735  362321    305     1     2  0  0.630670    0.028250       False        5              0
6576829  145544735  362321    305     1     2  0  0.264500    0.007188       False       12              1
6633300  146741114  362321    307     1     3  1  0.346256    0.035283       False        3              0
6633301  146741114  362321    307     1     3  1  0.208787    0.006067       False       14              1
6633302  146741114  362321    307     1     3  1  0.270504    0.006848        True       18              2
6685102  147453226  362321    309     1     3  3  0.366840    0.023743        True        4              0
6685103  147453226  362321    309     1     3  3  0.317458    0.006598        True       18              1
6685104  147453226  362321    309     1     3  3  0.376752    0.010066        True       18              2
6864735   13240963  362321     32     1     2  0  0.533882    0.004689       False       12              0
6864736   13240963  362321     32     1     2  0  0.460688    0.008875       False       11              1
6957815  154224940  362321    323     1     3  0  0.746280    0.005273       False       13              0
6957816  154224940  362321    323     1     3  0  0.699791    0.014159        True       15              1
6957817  154224940  362321    323     1     3  0  0.476192    0.008823       False        8              2
7007262  156680897  362321    328     1     2  0  0.564758    0.056381       False        4              0
7007263  156680897  362321    328     1     2  0  0.368810    0.008722       False       10              1
7157031  159048971  362321    332     1     2  0  0.514187    0.005561       False       11              0
7157032  159048971  362321    332     1     2  0  0.296948    0.007457       False       15              1
7173353  158941199  362321    332     1     4  1  0.721400    0.015246       False       18              0
7173354  158941199  362321    332     1     4  1  0.681309    0.017304       False        6              1
7173355  158941199  362321    332     1     4  1  0.668353    0.017216        True       13              2
7173356  158941199  362321    332     1     4  1  0.228228    0.006500       False        4              3
7788947   15813960  362321     37     1     4  2  1.109234    0.016074       False       15              0
7788948   15813960  362321     37     1     4  2  0.249926    0.006447        True       13              1
7788949   15813960  362321     37     1     4  2  0.255000    0.005556       False        5              2
7788950   15813960  362321     37     1     4  2  0.178023    0.004404        True       18              3
7788951   15866723  362321     37     1     2  1  0.819628    0.016136       False       16              0
7788952   15866723  362321     37     1     2  1  0.489312    0.008447        True       21              1
7860275     119854  362321      1     1     2  1  0.872473    0.021460       False        9              0
7860276     119854  362321      1     1     2  1  0.238320    0.005961        True       19              1
7977087   18369263  362321     42     1     2  2  0.864743    0.019204        True       21              0
7977088   18369263  362321     42     1     2  2  0.269125    0.006361        True       15              1
8051540   19351561  362321     44     1     2  1  0.423529    0.006327       False        9              0
8051541   19351561  362321     44     1     2  1  0.345936    0.008879        True       15              1
8109453   20190865  362321     46     1     3  0  0.540691    0.009073       False       23              0
8109454   20190865  362321     46     1     3  0  0.633435    0.011017       False       21              1
8109455   20190865  362321     46     1     3  0  0.463339    0.008947       False        8              2
8218478    1365538  362321      4     1     3  2  0.487976    0.008294        True       20              0
8218479    1365538  362321      4     1     3  2  0.512036    0.075341        True        3              1
8218480    1365538  362321      4     1     3  2  0.672295    0.008070        True       18              2
8976388   32342245  362321     70     1     2  1  0.549250    0.009578        True        8              0
8976389   32342245  362321     70     1     2  1  0.484589    0.007736       False       13              1
8982249   32355143  362321     70     1     2  0  0.420466    0.021664       False        3              0
8982250   32355143  362321     70     1     2  0  0.435234    0.015559       False        3              1
9068441   34133533  362321     74     1     2  1  0.791000    0.012891       False       10              0
9068442   34133533  362321     74     1     2  1  0.924144    0.010853        True        9              1
9373698   38909443  362321     84     1     2  0  0.694685    0.008824       False       19              0
9373699   38909443  362321     84     1     2  0  0.585440    0.006232       False       10              1
9639521    3737221  362321      9     1     2  2  0.423037    0.046672        True        5              0
9639522    3737221  362321      9     1     2  2  0.233658    0.006223        True       20              1
9829097   44807640  362321     95     1     3  2  0.173927    0.005577       False        4              0
9829098   44807640  362321     95     1     3  2  0.368563    0.009309        True       20              1
9829099   44807640  362321     95     1     3  2  0.242624    0.004899        True       19              2
9850886   46066958  362321     98     1     2  0  0.362197    0.032367       False        4              0
9850887   46066958  362321     98     1     2  0  0.183533    0.005963       False       11              1
9887550   45407251  362321     97     1     2  0  0.428650    0.072760        True        3              0
9887551   45407251  362321     97     1     2  0  0.440041    0.010327       False        8              1
9889098   45592591  362321     97     1     4  2  0.957073    0.015591        True       21              0
9889099   45592591  362321     97     1     4  2  1.168329    0.013286        True       16              1
9889100   45592591  362321     97     1     4  2  0.195709    0.008670       False        4              2
9889101   45592591  362321     97     1     4  2  0.390326    0.008888        True       22              3